<?php $__env->startSection('filter'); ?><?php $__env->stopSection(); ?>

<?php $__env->startSection('page-subheader'); ?>
<?php echo $__env->make('partial.subheader-index', array_except(get_defined_vars(), array('__data', '__path')))->render(); ?>
<?php $__env->stopSection(); ?>

<?php $__env->startSection('slider'); ?><?php $__env->stopSection(); ?>


<?php $__env->startSection('content'); ?>

<div class="row">
    <div class="col-md-4 col-sm-12 col-xs-12">
        <div class="content">
        <div class="qrcode">
        <svg version="1.1" id="Layer_1" xmlns="http://www.w3.org/2000/svg" xmlns:xlink="http://www.w3.org/1999/xlink" x="0px" y="0px"
             viewBox="0 0 549 549" enable-background="new 0 0 549 549" xml:space="preserve">
<g>
<rect y="72" width="9" height="9"/>
<rect y="90" width="9" height="18"/>
<polygon points="9,153 0,153 0,171 9,171 18,171 18,162 9,162 	"/>
<rect y="198" width="9" height="9"/>
<rect y="252" width="9" height="9"/>
<rect y="324" width="9" height="9"/>
<rect y="378" width="9" height="9"/>
<path d="M18,63h9h9h9h9h9V0h-9h-9h-9h-9h-9H9H0v63h9H18z M9,9h9h9h9h9h9v45h-9h-9h-9h-9H9V9z"/>
<polygon points="18,414 18,396 9,396 9,405 0,405 0,414 9,414 	"/>
<polygon points="9,441 9,423 0,423 0,450 9,450 18,450 18,441 	"/>
<polygon points="36,45 45,45 45,18 36,18 27,18 18,18 18,45 27,45 	"/>
<polygon points="36,153 45,153 54,153 63,153 63,144 54,144 54,135 45,135 45,144 36,144 36,135 27,135 27,144 18,144 18,162
		27,162 27,153 	"/>
<polygon points="36,333 27,333 27,342 18,342 18,333 9,333 9,351 0,351 0,360 9,360 9,369 18,369 18,360 27,360 27,351 36,351
		36,360 45,360 45,342 36,342 	"/>
<polygon points="36,441 36,432 45,432 45,423 36,423 27,423 27,432 18,432 18,441 27,441 	"/>
<polygon points="27,504 18,504 18,531 27,531 36,531 45,531 45,504 36,504 	"/>
<rect x="36" y="72" width="9" height="9"/>
<polygon points="45,117 45,108 54,108 54,99 63,99 72,99 72,90 63,90 54,90 45,90 45,99 36,99 27,99 27,72 18,72 18,81 9,81 9,90
		18,90 18,108 27,108 27,117 18,117 18,126 27,126 36,126 36,117 	"/>
<rect x="36" y="126" width="9" height="9"/>
<polygon points="45,378 36,378 27,378 18,378 18,387 27,387 36,387 36,396 45,396 	"/>
<rect x="45" y="369" width="9" height="9"/>
<polygon points="54,405 45,405 36,405 36,396 27,396 27,414 36,414 45,414 45,423 54,423 63,423 63,414 54,414 	"/>
<polygon points="54,441 45,441 45,450 36,450 27,450 18,450 18,459 9,459 0,459 0,477 9,477 18,477 27,477 36,477 36,468 27,468
		27,459 36,459 36,468 45,468 45,459 54,459 63,459 63,450 54,450 	"/>
<path d="M45,486h-9h-9h-9H9H0v63h9h9h9h9h9h9h9v-63h-9H45z M54,540h-9h-9h-9h-9H9v-45h9h9h9h9h9V540z"/>
<rect x="54" y="72" width="9" height="9"/>
<polygon points="63,117 72,117 72,108 63,108 54,108 54,117 	"/>
<rect x="54" y="234" width="9" height="9"/>
<rect x="54" y="270" width="9" height="9"/>
<rect x="54" y="360" width="9" height="9"/>
<polygon points="63,387 72,387 72,378 63,378 54,378 54,387 	"/>
<rect x="54" y="432" width="9" height="9"/>
<polygon points="72,396 63,396 54,396 54,405 63,405 63,414 72,414 81,414 81,405 72,405 	"/>
<polygon points="72,432 72,441 63,441 63,450 72,450 81,450 81,432 90,432 90,423 81,423 72,423 63,423 63,432 	"/>
<rect x="72" y="9" width="9" height="9"/>
<rect x="72" y="54" width="9" height="9"/>
<rect x="72" y="81" width="9" height="9"/>
<polygon points="72,324 72,306 63,306 54,306 54,315 63,315 63,324 54,324 54,315 45,315 45,324 36,324 36,333 45,333 45,342
		54,342 54,333 63,333 63,342 54,342 54,351 63,351 72,351 81,351 81,342 72,342 72,333 81,333 81,342 90,342 90,315 99,315 99,306
		90,306 81,306 81,324 	"/>
<rect x="72" y="504" width="9" height="9"/>
<rect x="72" y="540" width="9" height="9"/>
<polygon points="90,45 99,45 99,36 108,36 108,27 117,27 117,18 126,18 126,27 135,27 135,36 144,36 144,0 135,0 126,0 117,0
		117,9 108,9 99,9 99,0 90,0 81,0 81,9 90,9 90,18 99,18 99,27 90,27 90,18 81,18 81,36 72,36 72,45 81,45 81,54 90,54 	"/>
<polygon points="81,387 81,405 90,405 90,396 99,396 99,387 90,387 	"/>
<polygon points="90,522 81,522 72,522 72,531 81,531 81,540 90,540 99,540 99,531 90,531 	"/>
<polygon points="99,81 108,81 108,63 99,63 99,54 90,54 90,63 81,63 81,81 90,81 	"/>
<polygon points="99,225 99,207 90,207 90,216 81,216 81,225 90,225 	"/>
<rect x="90" y="414" width="9" height="9"/>
<rect x="90" y="441" width="9" height="9"/>
<polygon points="108,324 108,333 117,333 117,315 108,315 99,315 99,324 	"/>
<rect x="99" y="333" width="9" height="9"/>
<polygon points="108,369 108,360 99,360 90,360 90,351 81,351 81,360 72,360 72,369 81,369 81,378 90,378 99,378 99,369 	"/>
<rect x="99" y="378" width="9" height="9"/>
<rect x="99" y="432" width="9" height="9"/>
<rect x="99" y="540" width="9" height="9"/>
<polygon points="117,207 117,198 108,198 99,198 99,207 108,207 	"/>
<polygon points="108,225 99,225 99,234 108,234 117,234 117,225 	"/>
<polygon points="117,360 117,369 126,369 126,378 135,378 144,378 144,405 153,405 153,378 162,378 162,333 153,333 144,333
		144,324 135,324 135,333 126,333 126,351 135,351 135,342 144,342 153,342 153,351 144,351 135,351 135,360 144,360 153,360
		153,369 144,369 135,369 135,360 126,360 126,351 117,351 117,342 108,342 108,360 	"/>
<rect x="108" y="369" width="9" height="9"/>
<rect x="108" y="387" width="9" height="18"/>
<polygon points="117,486 117,504 126,504 126,477 117,477 108,477 108,468 117,468 117,459 108,459 99,459 90,459 90,477 81,477
		81,468 72,468 63,468 54,468 54,477 63,477 72,477 72,486 81,486 81,504 90,504 90,486 99,486 99,504 108,504 108,486 	"/>
<polygon points="117,36 117,45 108,45 108,63 117,63 117,54 126,54 126,63 117,63 117,72 126,72 135,72 135,54 144,54 144,90
		153,90 153,72 162,72 162,63 153,63 153,45 144,45 135,45 135,36 126,36 	"/>
<polygon points="117,126 117,153 126,153 126,162 117,162 117,171 108,171 108,189 117,189 117,180 126,180 126,189 117,189
		117,198 126,198 126,207 135,207 144,207 144,198 135,198 135,171 144,171 144,153 153,153 162,153 162,144 153,144 153,126
		144,126 144,117 135,117 126,117 126,126 	"/>
<rect x="117" y="207" width="9" height="18"/>
<rect x="117" y="297" width="9" height="9"/>
<polygon points="126,81 117,81 108,81 108,90 99,90 99,99 108,99 117,99 117,90 126,90 135,90 135,81 	"/>
<rect x="126" y="99" width="9" height="9"/>
<rect x="126" y="288" width="9" height="9"/>
<rect x="126" y="387" width="9" height="9"/>
<polygon points="126,477 135,477 135,450 126,450 126,423 117,423 108,423 108,432 117,432 117,441 108,441 108,450 117,450
		117,459 126,459 	"/>
<rect x="126" y="513" width="9" height="9"/>
<rect x="135" y="90" width="9" height="9"/>
<polygon points="144,315 144,306 153,306 153,297 144,297 135,297 135,306 126,306 126,324 135,324 135,315 	"/>
<rect x="135" y="405" width="9" height="9"/>
<polygon points="135,423 135,432 144,432 153,432 153,423 144,423 	"/>
<polygon points="144,486 144,504 135,504 135,513 144,513 153,513 153,504 162,504 171,504 171,513 180,513 189,513 189,504
		198,504 198,495 207,495 207,486 198,486 189,486 189,495 180,495 171,495 171,486 162,486 162,495 153,495 153,486 162,486
		162,459 153,459 153,450 144,450 144,477 135,477 135,486 	"/>
<rect x="153" y="9" width="9" height="9"/>
<rect x="153" y="36" width="9" height="9"/>
<rect x="153" y="207" width="9" height="9"/>
<rect x="162" width="9" height="9"/>
<rect x="162" y="18" width="9" height="9"/>
<rect x="162" y="45" width="9" height="18"/>
<polygon points="171,126 180,126 180,117 171,117 171,108 180,108 180,99 171,99 171,90 162,90 162,108 153,108 153,126 162,126
		"/>
<rect x="162" y="288" width="9" height="9"/>
<rect x="162" y="378" width="9" height="18"/>
<polygon points="171,450 180,450 180,459 171,459 171,477 180,477 180,468 189,468 189,477 198,477 207,477 207,459 198,459
		198,450 189,450 189,432 180,432 180,414 171,414 162,414 153,414 153,423 162,423 162,459 171,459 	"/>
<rect x="171" y="36" width="9" height="9"/>
<polygon points="180,72 189,72 189,54 180,54 180,63 171,63 171,72 	"/>
<path d="M171,216v9h-9v9h-9v-18h-9v18h-9v-9h-9v9h-9v9h-9h-9v9h-9h-9h-9h-9h-9h-9v-27h-9v-9h9v-9h9h9v9h-9v9h9v9h9v9h9v-18h-9v-9h9
		v-18h9v-18h9v-18h9v-18h-9v-27h9h9h9v-9h-9h-9h-9h-9V90h-9v36h9v9h-9v-9h-9h-9h-9v9h9h9v27h-9h-9h-9v9h-9v-9h-9v18h-9v18h9v-9h9v9
		h-9v27h-9v-9H9H0v27h9h9h9v9h9v9h-9v9h9v18h-9v-18h-9v-9H9v9H0v18h9v9H0v18h9h9v18h9v-18h9v-9h9v-9h9h9h9v9h9v-36h9v-9h9v18h-9v9h9
		v9h9v-9h9v-9h-9v-27h9h9h9v9h-9h-9v9h9v9h9h9v-9h9v18h9v-9h9v-9h-9v-9h-9v-9h-9v-9h9v9h9h9v-18h9v-18H171z M81,153h9v9h-9V153z
		 M45,189h9h9h9v-9h-9h-9v-9h9h9h9v18h-9v9h-9h-9h-9V189z M72,288h-9h-9h-9v-27h9h9h9V288z"/>
<polygon points="180,315 180,306 171,306 162,306 162,324 171,324 171,315 	"/>
<rect x="171" y="369" width="9" height="9"/>
<rect x="180" y="108" width="9" height="9"/>
<polygon points="180,135 171,135 171,144 180,144 189,144 189,135 	"/>
<rect x="180" y="207" width="9" height="9"/>
<rect x="180" y="279" width="9" height="9"/>
<path d="M189,405h9v9h9v-9h9v18h-9v9h9h9v-18h9v-9h9v9h9v-18h-9h-9v-9h9v-9h-9h-9h-9v-9h9v-18h-9v9h-9v9h-9h-9v9h9h9v9h-9h-9h-9v27
		h9V405z M216,387h9v9h-9V387z"/>
<polygon points="180,522 171,522 162,522 153,522 153,531 144,531 144,522 135,522 135,531 126,531 126,522 117,522 117,504
		108,504 108,522 99,522 99,531 108,531 117,531 117,549 126,549 126,540 135,540 135,549 144,549 153,549 153,540 162,540 162,549
		171,549 171,540 180,540 180,531 189,531 189,522 	"/>
<polygon points="189,9 180,9 180,27 189,27 198,27 198,9 	"/>
<rect x="189" y="81" width="9" height="9"/>
<rect x="189" y="189" width="9" height="9"/>
<rect x="189" y="261" width="9" height="9"/>
<polygon points="198,306 207,306 207,297 198,297 189,297 189,324 198,324 	"/>
<rect x="189" y="414" width="9" height="9"/>
<polygon points="207,108 216,108 216,99 207,99 198,99 189,99 189,108 198,108 	"/>
<rect x="198" y="180" width="9" height="9"/>
<polygon points="207,234 207,225 198,225 198,216 189,216 189,234 180,234 180,252 189,252 189,243 198,243 198,234 	"/>
<rect x="198" y="243" width="9" height="18"/>
<polygon points="207,18 216,18 216,27 225,27 225,18 234,18 234,9 243,9 243,0 234,0 225,0 225,9 216,9 216,0 207,0 198,0 198,9
		207,9 	"/>
<polygon points="216,54 216,63 225,63 225,45 216,45 216,27 207,27 198,27 198,36 207,36 207,45 198,45 198,63 207,63 207,54 	"/>
<rect x="207" y="315" width="9" height="9"/>
<polygon points="207,333 207,324 198,324 198,333 189,333 189,324 180,324 171,324 171,333 180,333 180,342 171,342 171,360
		180,360 189,360 198,360 198,351 189,351 189,342 198,342 198,351 207,351 216,351 216,333 	"/>
<polygon points="216,450 216,441 207,441 198,441 198,450 207,450 	"/>
<path d="M225,90h9v18h9v18h9v-9h9v9h9v-18h-9v-9h9h9v-9h-9v-9h9v9h9h9h9v9h-9v9h-9v9h9h9h9v9h9v-18h-9V90h9h9h9v9h9h9h9v-9h-9v-9h9
		v-9h-9v-9h-9v9h-9v-9h-9v-9h-9v9h-9v9h-9v-9h-9v-9h9v-9h-9v-9h9v-9h9v9h9V18h9V0h-9h-9h-9v18h-9v9h-9v9h-9h-9h-9h-9h-9h-9h-9v9h9h9
		h9v36h9v9h-9v9h-9v-9h9v-9h-9V54h-9v9h-9v9h-9v-9h-9v27h9v9h9V90z M261,45h9h9h9v27h-9h-9h-9V45z"/>
<polygon points="225,117 234,117 234,108 225,108 216,108 216,135 225,135 	"/>
<path d="M216,315h9v-27h-9v-9h9v-9h9v9h9v-9h9v9h-9v18h-9v18h9h9v-9h9v-9h9v18h-9v9h-9h-9v9h9v18h-9v9h9v9h-9v9h9h9v-18h9v27h9v-9
		h9v-9h9v9h-9v9h9v18h-9v9h-9v9h9v9h-9v9h9h9v-9h9v-9h9v-9h-9v-9h9v-9h-9v-45h-9v9h-9h-9v-9h-9h-9v-18h9v9h9h9v9h9v-9h9v-9h-9h-9v-9
		h-9v-9h9v9h9h9v-9h-9v-9h-9v-9h9v-18h9v9h9h9v-9h9v9h9v-9h9h9v-9h9v-18h-9h-9v9h-9v9h-9h-9v-9h-9v-18h9v18h9v-9h9v-9h9h9h9v9h9v-18
		h-9h-9v-9h-9v9h-9h-9h-9h-9v-9h-9v45h-9v-18h-9h-9v-18h-9v9h-9v-9h9v-9h9v-9h-9v-9h9v-9h-9v-9h9v-9h9v-9h9v9h-9v9h9v18h9v-54h-9v-9
		h-9v-9h9v-9h-9h-9v36h-9v18h-9h-9h-9v18h9v-9h9v9h-9v18h9v9h-9v18h-9v9h-9h-9v-9h-9v18h-9v9h-9v18h9v9h9V315z M261,261h9h9h9v27h-9
		h-9h-9V261z"/>
<rect x="216" y="459" width="9" height="9"/>
<rect x="216" y="486" width="9" height="9"/>
<rect x="216" y="504" width="9" height="9"/>
<rect x="225" y="279" width="9" height="9"/>
<rect x="225" y="324" width="9" height="9"/>
<rect x="225" y="495" width="9" height="9"/>
<rect x="234" y="126" width="9" height="9"/>
<path d="M234,171v-18h-9h-9h-9v-9h9v-9h-9v-18h-9h-9v9h9v18h-9v9h-9h-9v9h-9v9h-9h-9v9h9v9h-9v9h9h9v9h9h9v-18h9v-9h9v-18h9h9v9h-9
		v9h9h9v18h-9h-9v18h9v-9h9v9h-9v18h9h9v-9h9v-9h-9v-9h9v-9h-9v-18h9v-9H234z M189,171h-9v-9h9V171z"/>
<rect x="234" y="234" width="9" height="9"/>
<rect x="234" y="342" width="9" height="9"/>
<rect x="234" y="360" width="9" height="9"/>
<rect x="234" y="513" width="9" height="9"/>
<polygon points="243,531 234,531 234,522 225,522 216,522 207,522 207,504 198,504 198,531 189,531 189,540 198,540 198,549
		207,549 207,531 216,531 225,531 225,540 216,540 216,549 225,549 234,549 234,540 243,540 243,549 252,549 261,549 261,531
		252,531 	"/>
<rect x="252" width="9" height="9"/>
<polygon points="261,171 261,162 252,162 243,162 243,171 252,171 	"/>
<polygon points="270,27 270,9 261,9 261,18 252,18 252,27 261,27 	"/>
<polygon points="261,135 261,144 252,144 243,144 243,153 252,153 261,153 261,162 270,162 270,135 	"/>
<rect x="261" y="387" width="9" height="9"/>
<rect x="270" width="9" height="9"/>
<rect x="270" y="54" width="9" height="9"/>
<rect x="270" y="270" width="9" height="9"/>
<rect x="270" y="405" width="9" height="9"/>
<rect x="270" y="450" width="9" height="9"/>
<rect x="270" y="486" width="9" height="9"/>
<rect x="270" y="540" width="9" height="9"/>
<rect x="279" y="99" width="9" height="9"/>
<rect x="279" y="189" width="9" height="9"/>
<rect x="279" y="396" width="9" height="9"/>
<rect x="288" width="9" height="18"/>
<rect x="288" y="216" width="9" height="9"/>
<rect x="288" y="234" width="9" height="9"/>
<polygon points="297,549 297,540 306,540 306,531 297,531 288,531 288,549 	"/>
<rect x="297" y="135" width="9" height="9"/>
<rect x="306" y="36" width="9" height="9"/>
<rect x="306" y="54" width="9" height="9"/>
<rect x="306" y="207" width="9" height="9"/>
<rect x="306" y="342" width="9" height="9"/>
<rect x="306" y="522" width="9" height="9"/>
<rect x="306" y="540" width="9" height="9"/>
<polygon points="324,333 333,333 333,342 324,342 324,369 333,369 333,378 324,378 324,405 333,405 333,387 342,387 342,360
		351,360 351,351 342,351 342,324 333,324 324,324 315,324 306,324 306,333 315,333 	"/>
<rect x="315" y="405" width="9" height="9"/>
<rect x="315" y="468" width="9" height="9"/>
<path d="M324,495h9v-9h-9h-9v9h-9h-9v-36h9v-9h9v-9h9h9v-9h-9h-9h-9v9h-9v9h-9v18h-9h-9v-9h-9v-9h9v-18h9v-9h-9v-9h-9v27h-9h-9v-9
		h9v-9h-9v-9h-9v18h-9v9h9v9h9v9h9v9h-9v-9h-9v18h-9v9h9v9h9v9h9v18h9v9h9v-18h9v18h9v-9h9v-18h9h9v9h9v36h9h9v-9h9v-9h-9v-18h-9v-9
		h-9V495z M252,486h-9v-9h9V486z M288,504h-9h-9h-9v-27h9h9h9V504z"/>
<polygon points="324,198 324,225 333,225 333,216 342,216 351,216 351,207 342,207 342,189 333,189 333,198 	"/>
<rect x="324" y="306" width="9" height="9"/>
<rect x="324" y="414" width="9" height="9"/>
<polygon points="342,36 342,27 351,27 351,36 342,36 342,63 351,63 351,54 360,54 360,63 369,63 369,45 378,45 378,72 387,72
		387,54 396,54 396,45 387,45 387,27 378,27 378,9 369,9 369,36 360,36 360,9 351,9 342,9 342,18 333,18 333,36 	"/>
<rect x="333" y="423" width="9" height="9"/>
<rect x="333" y="495" width="9" height="9"/>
<polygon points="351,117 360,117 360,108 351,108 342,108 333,108 333,117 342,117 	"/>
<rect x="342" y="306" width="9" height="9"/>
<rect x="342" y="459" width="9" height="9"/>
<rect x="342" y="486" width="9" height="9"/>
<rect x="351" y="297" width="9" height="9"/>
<polygon points="351,333 360,333 369,333 369,324 360,324 360,315 351,315 	"/>
<rect x="351" y="369" width="9" height="9"/>
<rect x="351" y="468" width="9" height="18"/>
<rect x="351" y="540" width="9" height="9"/>
<rect x="360" width="9" height="9"/>
<rect x="360" y="279" width="9" height="9"/>
<rect x="369" y="81" width="9" height="9"/>
<rect x="369" y="99" width="9" height="9"/>
<rect x="369" y="333" width="9" height="9"/>
<polygon points="369,351 369,342 360,342 351,342 351,351 360,351 360,360 369,360 378,360 378,351 	"/>
<rect x="369" y="423" width="9" height="9"/>
<rect x="378" y="108" width="9" height="9"/>
<polygon points="378,486 378,495 369,495 369,504 360,504 360,495 351,495 351,522 360,522 369,522 369,540 378,540 387,540
		387,531 378,531 378,504 387,504 387,486 	"/>
<rect x="387" y="117" width="9" height="9"/>
<rect x="387" y="162" width="9" height="9"/>
<polygon points="387,216 387,225 396,225 396,234 405,234 405,216 396,216 	"/>
<rect x="387" y="234" width="9" height="9"/>
<rect x="387" y="540" width="9" height="9"/>
<polygon points="405,9 405,0 396,0 387,0 387,18 396,18 396,9 	"/>
<rect x="396" y="54" width="9" height="9"/>
<polygon points="396,432 387,432 378,432 378,441 369,441 369,459 378,459 378,468 369,468 369,477 378,477 387,477 387,468
		396,468 396,459 387,459 387,441 396,441 396,450 405,450 405,432 	"/>
<polygon points="405,135 405,126 396,126 396,135 387,135 387,126 378,126 378,135 369,135 369,144 360,144 360,126 351,126
		342,126 333,126 324,126 324,135 333,135 342,135 351,135 351,144 342,144 333,144 324,144 324,135 315,135 315,162 324,162
		324,189 333,189 333,180 342,180 342,153 351,153 351,171 360,171 360,162 369,162 369,189 378,189 378,198 369,198 369,189
		360,189 360,180 351,180 342,180 342,189 351,189 351,198 360,198 360,225 369,225 369,216 378,216 378,207 387,207 396,207
		396,198 405,198 405,189 396,189 396,180 387,180 378,180 378,144 387,144 396,144 396,162 405,162 405,144 414,144 414,135 	"/>
<polygon points="405,198 405,207 414,207 423,207 423,189 414,189 414,198 	"/>
<polygon points="414,63 423,63 423,54 432,54 432,63 441,63 441,54 450,54 450,63 459,63 459,45 468,45 468,36 459,36 459,27
		468,27 468,36 477,36 477,0 468,0 459,0 459,18 450,18 450,27 441,27 441,36 432,36 423,36 414,36 405,36 405,54 414,54 	"/>
<rect x="414" y="126" width="9" height="9"/>
<rect x="414" y="306" width="9" height="9"/>
<polygon points="423,450 432,450 441,450 441,432 432,432 432,423 423,423 414,423 414,432 423,432 423,441 414,441 414,450
		405,450 405,459 414,459 414,477 423,477 	"/>
<polygon points="432,63 423,63 423,72 414,72 414,63 405,63 405,72 396,72 387,72 387,81 396,81 405,81 414,81 414,90 405,90
		405,99 396,99 396,108 405,108 405,117 414,117 423,117 423,108 414,108 414,99 423,99 432,99 432,90 423,90 423,81 432,81 441,81
		441,72 432,72 	"/>
<rect x="423" y="117" width="9" height="9"/>
<path d="M423,315v9h-9h-9v-18h-9v9h-9h-9v-18h9v9h9v-18h-9h-9h-9v18h-9v9h9v9h9h9v27h9v9h9h9v-27h9v18h9v27h9v18h-9h-9h-9v-9h9h9
		v-9h-9v-18h-9v9h-9v9h-9v9h9v9h-9v-9h-9v9h-9h-9v-9h9v-9h9h9v-9h-9v-9h-9v9h-9v9h-9v36h-9h-9v9h9v9h-9v9h-9v9h-9h-9v9h9h9h9v-9h9
		v-9h9h9v-9h-9v-9h9v-9h9v-9h9h9v9h-9h-9v9h9h9h9v-18h9h9h9v9h9v-9h9h9v-9h-9v-27h9v-9h-9v-9h-9v-9h-9v-9h9h9h9v-9h-9h-9v-9h-9H423z
		 M405,342h-9v-9h9V342z"/>
<polygon points="432,18 432,9 423,9 423,0 414,0 414,18 405,18 396,18 396,27 405,27 414,27 423,27 432,27 441,27 441,18 	"/>
<polygon points="441,180 450,180 450,171 441,171 441,162 432,162 432,153 441,153 441,135 450,135 450,117 459,117 468,117
		477,117 477,108 486,108 495,108 495,90 486,90 477,90 477,99 468,99 468,81 459,81 459,90 450,90 450,99 459,99 459,108 450,108
		450,99 441,99 441,126 432,126 432,135 423,135 423,144 414,144 414,153 423,153 423,162 414,162 414,171 405,171 405,189 414,189
		414,180 423,180 423,171 432,171 432,207 441,207 450,207 450,189 441,189 	"/>
<polygon points="432,216 423,216 423,252 414,252 414,243 405,243 405,252 396,252 387,252 378,252 378,270 369,270 369,279
		378,279 387,279 396,279 405,279 405,270 396,270 396,261 405,261 405,270 414,270 414,279 405,279 405,297 414,297 423,297
		423,306 432,306 441,306 441,315 450,315 450,297 441,297 432,297 432,288 423,288 423,279 432,279 441,279 441,270 432,270
		423,270 423,261 432,261 441,261 441,252 432,252 432,243 441,243 441,234 432,234 432,225 441,225 450,225 450,216 441,216 	"/>
<path d="M441,495h-9v9h-9v-9h-9v9h-9v-9h9v-18h-9v9h-9v18h-9v9h9v18h9h9v18h9v-9h9v9h9v-9h9v-27h-9V495z M432,531h-9v-9h-9h-9v-9h9
		h9v9h9V531z"/>
<rect x="441" width="9" height="9"/>
<rect x="441" y="63" width="9" height="9"/>
<rect x="441" y="261" width="9" height="9"/>
<rect x="441" y="279" width="9" height="9"/>
<polygon points="450,432 459,432 459,423 450,423 450,414 441,414 441,432 	"/>
<polygon points="441,459 432,459 432,477 423,477 423,495 432,495 432,486 441,486 450,486 450,459 	"/>
<rect x="450" y="162" width="9" height="9"/>
<polygon points="459,216 468,216 468,207 477,207 477,216 486,216 495,216 495,207 486,207 486,198 477,198 468,198 459,198
		459,207 450,207 450,216 	"/>
<rect x="450" y="252" width="9" height="9"/>
<rect x="450" y="270" width="9" height="9"/>
<rect x="450" y="342" width="9" height="9"/>
<rect x="450" y="450" width="9" height="9"/>
<polygon points="459,549 468,549 477,549 477,540 468,540 459,540 450,540 450,549 	"/>
<polygon points="459,135 459,144 450,144 450,153 459,153 459,162 468,162 468,144 477,144 477,135 468,135 	"/>
<polygon points="459,171 459,180 450,180 450,189 459,189 468,189 477,189 477,171 468,171 	"/>
<rect x="459" y="225" width="9" height="9"/>
<rect x="459" y="315" width="9" height="9"/>
<polygon points="468,378 468,387 459,387 459,396 468,396 477,396 477,378 486,378 486,369 477,369 468,369 459,369 459,378 	"/>
<rect x="459" y="441" width="9" height="9"/>
<rect x="468" y="54" width="9" height="18"/>
<path d="M468,261h-9v9h9v18h-9v18h9v-9h9v9h-9v9h9v9h-9v18h9h9v-9h9v-9h-9v-9h9v-9h-9v-9h9h9h9v9h9v-9h9v-9h9v9h9v-45h-9v-18h-9v18
		h-9v9h9h9v9h-9h-9v18h-9v-18h9v-9h-9v-9h-9v-9h9v-9h9h9v-18h-9v9h-9v-27h-9v36h-9h-9h-9v9h9h9v9h-9h-9v-9h-9h-9v9h9V261z M477,261
		h9h9h9v27h-9h-9h-9V261z"/>
<rect x="477" y="117" width="9" height="18"/>
<rect x="486" y="180" width="9" height="9"/>
<rect x="486" y="270" width="9" height="9"/>
<polygon points="495,369 495,360 504,360 513,360 513,351 522,351 531,351 531,360 540,360 540,342 549,342 549,324 540,324
		540,333 531,333 531,342 522,342 513,342 504,342 495,342 486,342 486,369 	"/>
<rect x="486" y="486" width="9" height="9"/>
<rect x="486" y="540" width="9" height="9"/>
<rect x="495" y="189" width="9" height="9"/>
<rect x="504" y="72" width="9" height="9"/>
<rect x="504" y="171" width="9" height="9"/>
<rect x="504" y="306" width="9" height="9"/>
<rect x="504" y="324" width="9" height="9"/>
<polygon points="513,441 513,468 522,468 522,495 531,495 531,522 540,522 540,513 549,513 549,486 540,486 540,468 549,468
		549,432 540,432 540,450 531,450 522,450 522,441 531,441 531,432 522,432 513,432 504,432 504,441 	"/>
<polygon points="513,18 504,18 504,45 513,45 522,45 531,45 531,18 522,18 	"/>
<polygon points="522,81 513,81 513,99 504,99 504,117 495,117 495,135 504,135 504,126 513,126 513,108 522,108 522,117 531,117
		540,117 549,117 549,108 540,108 531,108 531,90 522,90 	"/>
<polygon points="522,135 531,135 540,135 540,153 549,153 549,126 540,126 531,126 522,126 513,126 513,135 	"/>
<path d="M522,396v-18h-9v9h-9h-9h-9v9h-9v27h9v9h-9h-9v9h9v18h-9h-9v18h9v18h-9v-9h-9v27h9v-9h9v27h9v-18h9v18h9v9h9h9v-9h9v-9h-9
		h-9h-9v-9h9h9h9v-18h-9v-27h-9v-9h-9v9h-9v-9h9v-27h9v-18h-9h-9v-9h9h9v9h9v-18H522z M495,477h9v27h-9h-9h-9v-27h9H495z"/>
<rect x="513" y="414" width="9" height="9"/>
<polygon points="522,144 513,144 513,135 504,135 504,144 495,144 495,153 486,153 486,162 477,162 477,171 486,171 495,171
		495,162 504,162 504,153 513,153 513,162 522,162 522,153 531,153 531,144 	"/>
<rect x="522" y="324" width="9" height="9"/>
<polygon points="531,360 522,360 522,378 531,378 540,378 540,369 531,369 	"/>
<polygon points="522,396 522,414 531,414 531,405 540,405 540,396 531,396 	"/>
<rect x="531" y="72" width="9" height="18"/>
<polygon points="531,180 522,180 522,189 531,189 540,189 540,171 549,171 549,162 540,162 540,153 531,153 	"/>
<polygon points="531,315 540,315 549,315 549,306 540,306 540,297 531,297 	"/>
<rect x="531" y="423" width="9" height="9"/>
<polygon points="531,540 522,540 522,549 531,549 540,549 549,549 549,540 540,540 540,531 531,531 	"/>
<path d="M540,0h-9h-9h-9h-9h-9h-9v63h9h9h9h9h9h9h9V0H540z M540,54h-9h-9h-9h-9h-9V9h9h9h9h9h9V54z"/>
<rect x="540" y="90" width="9" height="9"/>
<polygon points="549,216 549,198 540,198 531,198 522,198 522,207 531,207 531,216 540,216 	"/>
<rect x="540" y="360" width="9" height="9"/>
<rect x="540" y="378" width="9" height="18"/>
<rect x="540" y="522" width="9" height="9"/>
</g>
</svg>
        </div>
        </div>
        </div>
    <div class="col-md-6 col-sm-12 col-xs-12">
<!--        <div class="content">-->
<!--        <address><?php echo Config::get('site.address');; ?></address>-->
<!--        <phone><?php echo Config::get('site.phone');; ?></phone>-->
<!--        <mail><?php echo Config::get('site.e-mail');; ?></mail>-->
<!--        </div>-->
    </div>
</div>
<?php echo $__env->make('partial.subfooter-index', array_except(get_defined_vars(), array('__data', '__path')))->render(); ?>
<?php $__env->stopSection(); ?>

<?php echo $__env->make('content.simple', array_except(get_defined_vars(), array('__data', '__path')))->render(); ?>